11,1,1,S,-35279.0,0.0,1,
11,2,1,S,-39053.0,1.05,1,
11,3,1,S,-40828.0,2.27,1,
11,4,1,S,-42718.0,4.08,1,
11,5,1,S,-44405.0,6.14,1,
11,6,1,S,-45922.0,8.35,1,
11,7,1,S,-46949.0,10.04,1,
11,8,1,S,-48721.0,13.32,1,
11,9,1,S,-49343.0,14.58,1,
11,10,1,S,-50158.0,16.32,1,
11,11,1,S,-51367.0,19.08,1,
11,12,1,S,-52393.0,21.59,1,
11,13,1,S,-52688.0,22.34,1,
11,14,1,S,-53584.0,24.7,1,
11,15,1,S,-54221.0,26.45,1,
11,16,1,S,-54904.0,28.39,1,
11,17,1,S,-56056.0,31.82,1,
11,18,1,S,-56594.0,33.49,1,
11,19,1,S,-57069.0,35.0,1,
11,20,1,S,-57491.0,36.37,1,
11,21,1,S,-58100.0,38.39,1,
11,22,1,S,-58664.0,40.31,1,
11,23,1,S,-59473.0,43.15,1,
11,24,1,S,-59912.0,44.73,1,
11,25,1,S,-60414.0,46.57,1,
11,26,1,S,-61145.0,49.32,1,
11,27,1,S,-61642.0,51.23,1,
11,28,1,S,-62209.0,53.46,1,
11,29,1,S,-62432.0,54.35,1,
11,30,1,S,-62859.0,56.07,1,
11,31,1,S,-63395.0,58.27,1,
11,32,1,S,-64010.0,60.85,1,
11,33,1,S,-64685.0,63.74,1,
11,34,1,S,-65106.0,65.58,1,
11,35,1,S,-65551.0,67.55,1,
11,36,1,S,-65918.0,69.2,1,
11,37,1,S,-66194.0,70.45,1,
11,38,1,S,-66948.0,73.93,1,
11,39,1,S,-67304.0,75.6,1,
11,40,1,S,-67486.0,76.46,1,
11,41,1,S,-67844.0,78.17,1,
11,42,1,S,-68356.0,80.65,1,
11,43,1,S,-68881.0,83.23,1,
11,44,1,S,-69197.0,84.8,1,
11,45,1,S,-69602.0,86.84,1,
11,46,1,S,-70017.0,88.95,1,
11,47,1,S,-70523.0,91.56,1,
11,48,1,S,-70680.0,92.38,1,
11,49,1,S,-71184.0,95.03,1,
11,50,1,S,-71504.0,96.73,1,
11,51,1,S,-71991.0,99.35,1,
11,52,1,S,-72216.0,100.57,1,
11,53,1,S,-72770.0,103.61,1,
11,54,1,S,-73059.0,105.21,1,
11,55,1,S,-73512.0,107.75,1,
11,56,1,S,-73696.0,108.79,1,
11,57,1,S,-74028.0,110.68,1,
11,58,1,S,-74427.0,112.97,1,
11,59,1,S,-74926.0,115.87,1,
11,60,1,S,-75226.0,117.63,1,
11,61,1,S,-75628.0,120.01,1,
11,62,1,S,-75851.0,121.34,1,
11,63,1,S,-76271.0,123.86,1,
11,64,1,S,-76572.0,125.69,1,
11,65,1,S,-76955.0,128.03,1,
11,66,1,S,-77137.0,129.15,1,
11,67,1,S,-77445.0,131.06,1,
11,68,1,S,-77644.0,132.3,1,
11,69,1,S,-78245.0,136.08,1,
11,70,1,S,-78407.0,137.11,1,
11,71,1,S,-78821.0,139.75,1,
11,72,1,S,-78883.0,140.15,1,
11,73,1,S,-79326.0,143.01,1,
11,74,1,S,-79634.0,145.02,1,
11,75,1,S,-80028.0,147.61,1,
11,76,1,S,-80228.0,148.93,1,
11,77,1,S,-80500.0,150.74,1,
11,78,1,S,-80978.0,153.94,1,
11,79,1,S,-81033.0,154.31,1,
11,80,1,S,-81493.0,157.43,1,
11,81,1,S,-81755.0,159.22,1,
11,82,1,S,-82015.0,161.01,1,
11,83,1,S,-82185.0,162.18,1,
11,84,1,S,-82693.0,165.71,1,
11,85,1,S,-82796.0,166.43,1,
11,86,1,S,-83293.0,169.93,1,
11,87,1,S,-83418.0,170.82,1,
11,88,1,S,-83790.0,173.47,1,
11,89,1,S,-83921.0,174.41,1,
11,90,1,S,-84218.0,176.54,1,
11,91,1,S,-84605.0,179.35,1,
11,92,1,S,-84948.0,181.85,1,
11,93,1,S,-85161.0,183.41,1,
11,94,1,S,-85370.0,184.95,1,
11,95,1,S,-85743.0,187.72,1,
11,96,1,S,-85884.0,188.77,1,
11,97,1,S,-86166.0,190.88,1,
11,98,1,S,-86366.0,192.38,1,
11,99,1,S,-86869.0,196.19,1,
11,100,1,S,-87082.0,197.81,1,
11,101,1,S,-87232.0,198.96,1,
11,102,1,S,-87595.0,201.75,1,
11,103,1,S,-87787.0,203.23,1,
11,104,1,S,-87920.0,204.26,1,
11,105,1,S,-88192.0,206.38,1,
11,106,1,S,-88466.0,208.52,1,
11,107,1,S,-88794.0,211.1,1,
11,108,1,S,-89169.0,214.07,1,
11,109,1,S,-89312.0,215.21,1,
11,110,1,S,-89586.0,217.4,1,
11,111,1,S,-89883.0,219.78,1,
11,112,1,S,-90177.0,222.15,1,
11,113,1,S,-90236.0,222.63,1,
11,114,1,S,-90525.0,224.98,1,
11,115,1,S,-90906.0,228.09,1,
11,116,1,S,-91008.0,228.93,1,
11,117,1,S,-91170.0,230.26,1,
11,118,1,S,-91623.0,234.01,1,
11,119,1,S,-91855.0,235.94,1,
11,120,1,S,-92024.0,237.35,1,
11,121,1,S,-92222.0,239.01,1,
11,122,1,S,-92554.0,241.81,1,
11,123,1,S,-92762.0,243.57,1,
11,124,1,S,-93048.0,246.0,1,
11,125,1,S,-93170.0,247.04,1,
11,126,1,S,-93537.0,250.18,1,
11,127,1,S,-93560.0,250.38,1,
11,128,1,S,-93907.0,253.37,1,
11,129,1,S,-94175.0,255.69,1,
11,130,1,S,-94319.0,256.94,1,
11,131,1,S,-94586.0,259.27,1,
11,132,1,S,-94760.0,260.79,1,
11,133,1,S,-95088.0,263.68,1,
11,134,1,S,-95249.0,265.1,1,
11,135,1,S,-95457.0,266.94,1,
11,136,1,S,-95740.0,269.46,1,
11,137,1,S,-95857.0,270.5,1,
11,138,1,S,-96144.0,273.07,1,
11,139,1,S,-96437.0,275.71,1,
11,140,1,S,-96694.0,278.03,1,
11,141,1,S,-96789.0,278.89,1,
11,142,1,S,-97086.0,281.59,1,
11,143,1,S,-97364.0,284.13,1,
11,144,1,S,-97547.0,285.8,1,
11,145,1,S,-97676.0,286.99,1,
11,146,1,S,-97917.0,289.21,1,
11,147,1,S,-98093.0,290.84,1,
11,148,1,S,-98452.0,294.17,1,
11,149,1,S,-98531.0,294.91,1,
11,150,1,S,-98774.0,297.18,1,
11,151,1,S,-98988.0,299.19,1,
11,152,1,S,-99120.0,300.43,1,
11,153,1,S,-99392.0,302.99,1,
11,154,1,S,-99614.0,305.09,1,
11,155,1,S,-99823.0,307.08,1,
11,156,1,S,-100103.0,309.75,1,
11,157,1,S,-100214.0,310.81,1,
11,158,1,S,-100392.0,312.52,1,
11,159,1,S,-100656.0,315.06,1,
11,160,1,S,-100949.0,317.89,1,
11,161,1,S,-101165.0,319.98,1,
11,162,1,S,-101270.0,321.0,1,
11,163,1,S,-101420.0,322.46,1,
11,164,1,S,-101675.0,324.95,1,
11,165,1,S,-101936.0,327.51,1,
11,166,1,S,-102088.0,329.01,1,
11,167,1,S,-102319.0,331.29,1,
11,168,1,S,-102608.0,334.15,1,
11,169,1,S,-102766.0,335.72,1,
11,170,1,S,-102838.0,336.44,1,
11,171,1,S,-103215.0,340.2,1,
11,172,1,S,-103405.0,342.11,1,
11,173,1,S,-103432.0,342.38,1,
11,174,1,S,-103814.0,346.23,1,
11,175,1,S,-103834.0,346.43,1,
11,176,1,S,-104073.0,348.85,1,
11,177,1,S,-104319.0,351.35,1,
11,178,1,S,-104475.0,352.94,1,
11,179,1,S,-104716.0,355.4,1,
11,180,1,S,-104930.0,357.6,1,
11,181,1,S,-105129.0,359.64,1,
11,182,1,S,-105346.0,361.88,1,
11,183,1,S,-105524.0,363.72,1,
11,184,1,S,-105775.0,366.33,1,
11,185,1,S,-105790.0,366.48,1,
11,186,1,S,-106081.0,369.51,1,
11,187,1,S,-106306.0,371.86,1,
11,188,1,S,-106470.0,373.58,1,
11,189,1,S,-106675.0,375.74,1,
11,190,1,S,-106868.0,377.77,1,
11,191,1,S,-106962.0,378.77,1,
11,192,1,S,-107233.0,381.63,1,
11,193,1,S,-107307.0,382.42,1,
11,194,1,S,-107565.0,385.17,1,
11,195,1,S,-107759.0,387.23,1,
11,196,1,S,-107951.0,389.29,1,
11,197,1,S,-108077.0,390.64,1,
11,198,1,S,-108364.0,393.73,1,
11,199,1,S,-108565.0,395.9,1,
11,200,1,S,-108747.0,397.86,1,
11,201,1,S,-108964.0,400.22,1,
11,202,1,S,-109113.0,401.84,1,
11,203,1,S,-109328.0,404.18,1,
11,204,1,S,-109431.0,405.31,1,
11,205,1,S,-109603.0,407.19,1,
11,206,1,S,-109851.0,409.91,1,
11,207,1,S,-109954.0,411.04,1,
11,208,1,S,-110225.0,414.03,1,
11,209,1,S,-110439.0,416.4,1,
11,210,1,S,-110515.0,417.24,1,
11,211,1,S,-110650.0,418.74,1,
11,212,1,S,-110884.0,421.35,1,
11,213,1,S,-111014.0,422.8,1,
11,214,1,S,-111323.0,426.25,1,
11,215,1,S,-111366.0,426.73,1,
11,216,1,S,-111565.0,428.97,1,
11,217,1,S,-111852.0,432.2,1,
11,218,1,S,-111999.0,433.87,1,
11,219,1,S,-112078.0,434.76,1,
11,220,1,S,-112382.0,438.21,1,
11,221,1,S,-112561.0,440.25,1,
11,222,1,S,-112605.0,440.75,1,
11,223,1,S,-112889.0,443.99,1,
11,224,1,S,-112989.0,445.14,1,
11,225,1,S,-113273.0,448.39,1,
11,226,1,S,-113318.0,448.91,1,
11,227,1,S,-113618.0,452.37,1,
11,228,1,S,-113693.0,453.24,1,
11,229,1,S,-113853.0,455.09,1,
11,230,1,S,-114119.0,458.17,1,
11,231,1,S,-114271.0,459.94,1,
11,232,1,S,-114375.0,461.15,1,
11,233,1,S,-114631.0,464.15,1,
11,234,1,S,-114789.0,465.99,1,
11,235,1,S,-114845.0,466.65,1,
11,236,1,S,-115051.0,469.07,1,
11,237,1,S,-115243.0,471.33,1,
11,238,1,S,-115461.0,473.91,1,
11,239,1,S,-115521.0,474.62,1,
11,240,1,S,-115797.0,477.88,1,
11,241,1,S,-115911.0,479.24,1,
11,242,1,S,-116037.0,480.74,1,
11,243,1,S,-116232.0,483.06,1,
11,244,1,S,-116476.0,485.98,1,
11,245,1,S,-116640.0,487.94,1,
11,246,1,S,-116780.0,489.63,1,
11,247,1,S,-116896.0,491.02,1,
11,248,1,S,-117118.0,493.7,1,
11,249,1,S,-117221.0,494.94,1,
11,250,1,S,-117472.0,497.97,1,
11,251,1,S,-117576.0,499.23,1,
11,252,1,S,-117688.0,500.6,1,
11,253,1,S,-117877.0,502.89,1,
11,254,1,S,-118159.0,506.33,1,
11,255,1,S,-118200.0,506.84,1,
11,256,1,S,-118371.0,508.93,1,
11,257,1,S,-118626.0,512.06,1,
11,258,1,S,-118748.0,513.55,1,
11,259,1,S,-118980.0,516.41,1,
11,260,1,S,-119122.0,518.17,1,
11,261,1,S,-119277.0,520.09,1,
11,262,1,S,-119321.0,520.63,1,
11,263,1,S,-119500.0,522.85,1,
11,264,1,S,-119759.0,526.07,1,
11,265,1,S,-119943.0,528.36,1,
11,266,1,S,-120051.0,529.71,1,
11,267,1,S,-120162.0,531.1,1,
11,268,1,S,-120431.0,534.47,1,
11,269,1,S,-120489.0,535.2,1,
11,270,1,S,-120604.0,536.65,1,
11,271,1,S,-120821.0,539.38,1,
11,272,1,S,-120929.0,540.74,1,
11,273,1,S,-121085.0,542.71,1,
11,274,1,S,-121328.0,545.79,1,
11,275,1,S,-121458.0,547.45,1,
11,276,1,S,-121602.0,549.28,1,
11,277,1,S,-121851.0,552.45,1,
11,278,1,S,-121862.0,552.59,1,
11,279,1,S,-122051.0,555.0,1,
11,280,1,S,-122205.0,556.97,1,
11,281,1,S,-122393.0,559.39,1,
11,282,1,S,-122626.0,562.38,1,
11,283,1,S,-122730.0,563.73,1,
11,284,1,S,-122937.0,566.39,1,
11,285,1,S,-123028.0,567.57,1,
11,286,1,S,-123152.0,569.18,1,
11,287,1,S,-123345.0,571.68,1,
11,288,1,S,-123434.0,572.84,1,
11,289,1,S,-123593.0,574.9,1,
11,290,1,S,-123805.0,577.67,1,
11,291,1,S,-124027.0,580.57,1,
11,292,1,S,-124106.0,581.6,1,
11,293,1,S,-124287.0,583.98,1,
11,294,1,S,-124446.0,586.06,1,
11,295,1,S,-124566.0,587.64,1,
11,296,1,S,-124673.0,589.05,1,
11,297,1,S,-124862.0,591.54,1,
11,298,1,S,-124968.0,592.94,1,
11,299,1,S,-125135.0,595.16,1,
11,300,1,S,-125351.0,598.02,1,
11,301,1,S,-125512.0,600.16,1,
11,302,1,S,-125689.0,602.52,1,
11,303,1,S,-125734.0,603.12,1,
11,304,1,S,-125902.0,605.36,1,
11,305,1,S,-126039.0,607.19,1,
11,306,1,S,-126189.0,609.2,1,
11,307,1,S,-126408.0,612.14,1,
11,308,1,S,-126516.0,613.59,1,
11,309,1,S,-126595.0,614.66,1,
11,310,1,S,-126802.0,617.44,1,
11,311,1,S,-126934.0,619.23,1,
11,312,1,S,-127177.0,622.52,1,
11,313,1,S,-127187.0,622.65,1,
11,314,1,S,-127349.0,624.85,1,
11,315,1,S,-127620.0,628.53,1,
11,316,1,S,-127654.0,628.99,1,
11,317,1,S,-127825.0,631.33,1,
11,318,1,S,-128006.0,633.79,1,
11,319,1,S,-128188.0,636.29,1,
11,320,1,S,-128296.0,637.77,1,
11,321,1,S,-128369.0,638.77,1,
11,322,1,S,-128537.0,641.08,1,
11,323,1,S,-128768.0,644.26,1,
11,324,1,S,-128874.0,645.71,1,
11,325,1,S,-129073.0,648.47,1,
11,326,1,S,-129175.0,649.87,1,
11,327,1,S,-129234.0,650.69,1,
11,328,1,S,-129495.0,654.31,1,
11,329,1,S,-129610.0,655.91,1,
11,330,1,S,-129786.0,658.36,1,
11,331,1,S,-129946.0,660.59,1,
11,332,1,S,-130034.0,661.82,1,
11,333,1,S,-130153.0,663.49,1,
11,334,1,S,-130286.0,665.34,1,
11,335,1,S,-130442.0,667.54,1,
11,336,1,S,-130609.0,669.88,1,
11,337,1,S,-130684.0,670.93,1,
11,338,1,S,-130860.0,673.41,1,
11,339,1,S,-130988.0,675.21,1,
11,340,1,S,-131167.0,677.74,1,
11,341,1,S,-131287.0,679.44,1,
11,342,1,S,-131413.0,681.22,1,
11,343,1,S,-131569.0,683.44,1,
11,344,1,S,-131753.0,686.05,1,
11,345,1,S,-131829.0,687.14,1,
11,346,1,S,-131961.0,689.02,1,
11,347,1,S,-132106.0,691.08,1,
11,348,1,S,-132234.0,692.91,1,
11,349,1,S,-132488.0,696.54,1,
11,350,1,S,-132534.0,697.21,1,
11,351,1,S,-132697.0,699.54,1,
11,352,1,S,-132869.0,702.01,1,
11,353,1,S,-132971.0,703.48,1,
11,354,1,S,-133096.0,705.28,1,
11,355,1,S,-133217.0,707.03,1,
11,356,1,S,-133459.0,710.53,1,
11,357,1,S,-133536.0,711.65,1,
11,358,1,S,-133707.0,714.13,1,
11,359,1,S,-133834.0,715.97,1,
11,360,1,S,-133959.0,717.78,1,
11,361,1,S,-134072.0,719.43,1,
11,362,1,S,-134213.0,721.48,1,
11,363,1,S,-134383.0,723.97,1,
11,364,1,S,-134545.0,726.33,1,
11,365,1,S,-134649.0,727.86,1,
11,366,1,S,-134803.0,730.12,1,
11,367,1,S,-134875.0,731.18,1,
11,368,1,S,-135029.0,733.44,1,
11,369,1,S,-135123.0,734.82,1,
11,370,1,S,-135352.0,738.19,1,
11,371,1,S,-135459.0,739.77,1,
11,372,1,S,-135564.0,741.33,1,
11,373,1,S,-135771.0,744.39,1,
11,374,1,S,-135828.0,745.24,1,
11,375,1,S,-136019.0,748.07,1,
11,376,1,S,-136171.0,750.33,1,
11,377,1,S,-136285.0,752.02,1,
11,378,1,S,-136407.0,753.84,1,
11,379,1,S,-136538.0,755.8,1,
11,380,1,S,-136674.0,757.82,1,
11,381,1,S,-136801.0,759.72,1,
11,382,1,S,-136959.0,762.09,1,
11,383,1,S,-137052.0,763.48,1,
11,384,1,S,-137221.0,766.02,1,
11,385,1,S,-137276.0,766.85,1,
11,386,1,S,-137510.0,770.37,1,
11,387,1,S,-137552.0,771.0,1,
11,388,1,S,-137715.0,773.47,1,
11,389,1,S,-137834.0,775.26,1,
11,390,1,S,-138039.0,778.37,1,
11,391,1,S,-138137.0,779.85,1,
11,392,1,S,-138247.0,781.52,1,
11,393,1,S,-138440.0,784.46,1,
11,394,1,S,-138486.0,785.15,1,
11,395,1,S,-138653.0,787.69,1,
11,396,1,S,-138776.0,789.57,1,
11,397,1,S,-138895.0,791.39,1,
11,398,1,S,-139039.0,793.59,1,
11,399,1,S,-139248.0,796.79,1,
11,400,1,S,-139335.0,798.12,1,
11,401,1,S,-139438.0,799.7,1,
11,402,1,S,-139513.0,800.86,1,
11,403,1,S,-139700.0,803.74,1,
11,404,1,S,-139822.0,805.62,1,
11,405,1,S,-140000.0,808.36,1,
11,406,1,S,-140045.0,809.05,1,
11,407,1,S,-140252.0,812.26,1,
11,408,1,S,-140298.0,812.96,1,
11,409,1,S,-140438.0,815.13,1,
11,410,1,S,-140582.0,817.37,1,
11,411,1,S,-140782.0,820.47,1,
11,412,1,S,-140820.0,821.07,1,
11,413,1,S,-141053.0,824.69,1,
11,414,1,S,-141162.0,826.4,1,
11,415,1,S,-141268.0,828.06,1,
11,416,1,S,-141373.0,829.69,1,
11,417,1,S,-141470.0,831.21,1,
11,418,1,S,-141681.0,834.52,1,
11,419,1,S,-141768.0,835.89,1,
11,420,1,S,-141868.0,837.46,1,
11,421,1,S,-142065.0,840.56,1,
11,422,1,S,-142209.0,842.82,1,
11,423,1,S,-142309.0,844.4,1,
11,424,1,S,-142452.0,846.66,1,
11,425,1,S,-142470.0,846.94,1,
11,426,1,S,-142705.0,850.66,1,
11,427,1,S,-142764.0,851.6,1,
11,428,1,S,-142846.0,852.9,1,
11,429,1,S,-143047.0,856.09,1,
11,430,1,S,-143104.0,856.99,1,
11,431,1,S,-143249.0,859.29,1,
11,432,1,S,-143393.0,861.59,1,
11,433,1,S,-143557.0,864.2,1,
11,434,1,S,-143601.0,864.91,1,
11,435,1,S,-143794.0,867.99,1,
11,436,1,S,-143973.0,870.86,1,
11,437,1,S,-144086.0,872.67,1,
11,438,1,S,-144105.0,872.98,1,
11,439,1,S,-144319.0,876.41,1,
11,440,1,S,-144443.0,878.41,1,
11,441,1,S,-144507.0,879.43,1,
11,442,1,S,-144607.0,881.05,1,
11,443,1,S,-144731.0,883.05,1,
11,444,1,S,-144947.0,886.54,1,
11,445,1,S,-145062.0,888.39,1,
11,446,1,S,-145130.0,889.5,1,
11,447,1,S,-145298.0,892.22,1,
11,448,1,S,-145419.0,894.18,1,
11,449,1,S,-145565.0,896.55,1,
11,450,1,S,-145649.0,897.92,1,
11,451,1,S,-145802.0,900.42,1,
11,452,1,S,-145872.0,901.55,1,
11,453,1,S,-146070.0,904.79,1,
11,454,1,S,-146154.0,906.16,1,
11,455,1,S,-146212.0,907.1,1,
11,456,1,S,-146435.0,910.76,1,
11,457,1,S,-146515.0,912.06,1,
11,458,1,S,-146593.0,913.35,1,
11,459,1,S,-146699.0,915.08,1,
11,460,1,S,-146825.0,917.16,1,
11,461,1,S,-147051.0,920.87,1,
11,462,1,S,-147086.0,921.45,1,
11,463,1,S,-147246.0,924.09,1,
11,464,1,S,-147367.0,926.09,1,
11,465,1,S,-147424.0,927.04,1,
11,466,1,S,-147563.0,929.33,1,
11,467,1,S,-147668.0,931.08,1,
11,468,1,S,-147855.0,934.18,1,
11,469,1,S,-148004.0,936.64,1,
11,470,1,S,-148035.0,937.16,1,
11,471,1,S,-148156.0,939.18,1,
11,472,1,S,-148375.0,942.82,1,
11,473,1,S,-148440.0,943.91,1,
11,474,1,S,-148599.0,946.57,1,
11,475,1,S,-148624.0,946.98,1,
11,476,1,S,-148821.0,950.27,1,
11,477,1,S,-148870.0,951.09,1,
11,478,1,S,-149092.0,954.81,1,
11,479,1,S,-149139.0,955.6,1,
11,480,1,S,-149294.0,958.2,1,
11,481,1,S,-149401.0,960.0,1,
11,482,1,S,-149472.0,961.21,1,
11,483,1,S,-149658.0,964.33,1,
11,484,1,S,-149757.0,966.0,1,
11,485,1,S,-149872.0,967.94,1,
11,486,1,S,-149983.0,969.82,1,
11,487,1,S,-150063.0,971.17,1,
11,488,1,S,-150217.0,973.78,1,
11,489,1,S,-150377.0,976.49,1,
11,490,1,S,-150501.0,978.6,1,
11,491,1,S,-150562.0,979.64,1,
11,492,1,S,-150672.0,981.51,1,
11,493,1,S,-150763.0,983.06,1,
11,494,1,S,-150933.0,985.95,1,
11,495,1,S,-151056.0,988.05,1,
11,496,1,S,-151168.0,989.96,1,
11,497,1,S,-151274.0,991.78,1,
11,498,1,S,-151414.0,994.18,1,
11,499,1,S,-151550.0,996.5,1,
11,500,1,S,-151631.0,997.89,1,
11,501,1,S,-151741.0,999.78,1,
11,502,1,S,-151928.0,1002.99,1,
11,503,1,S,-151930.0,1003.03,1,
11,504,1,S,-152050.0,1005.09,1,
11,505,1,S,-152164.0,1007.05,1,
11,506,1,S,-152290.0,1009.22,1,
11,507,1,S,-152398.0,1011.1,1,
11,508,1,S,-152584.0,1014.31,1,
11,509,1,S,-152632.0,1015.13,1,
11,510,1,S,-152851.0,1018.93,1,
11,511,1,S,-152949.0,1020.63,1,
11,512,1,S,-153073.0,1022.78,1,
11,513,1,S,-153139.0,1023.93,1,
11,514,1,S,-153285.0,1026.46,1,
11,515,1,S,-153417.0,1028.76,1,
11,516,1,S,-153483.0,1029.92,1,
11,517,1,S,-153611.0,1032.15,1,
11,518,1,S,-153756.0,1034.68,1,
11,519,1,S,-153850.0,1036.32,1,
11,520,1,S,-153972.0,1038.45,1,
11,521,1,S,-154118.0,1041.0,1,
11,522,1,S,-154203.0,1042.5,1,
11,523,1,S,-154288.0,1043.98,1,
11,524,1,S,-154435.0,1046.56,1,
11,525,1,S,-154535.0,1048.32,1,
11,526,1,S,-154610.0,1049.64,1,
11,527,1,S,-154793.0,1052.87,1,
11,528,1,S,-154843.0,1053.74,1,
11,529,1,S,-154983.0,1056.21,1,
11,530,1,S,-155133.0,1058.86,1,
11,531,1,S,-155217.0,1060.35,1,
11,532,1,S,-155332.0,1062.38,1,
11,533,1,S,-155443.0,1064.35,1,
11,534,1,S,-155490.0,1065.18,1,
11,535,1,S,-155662.0,1068.23,1,
11,536,1,S,-155791.0,1070.52,1,
11,537,1,S,-155915.0,1072.73,1,
11,538,1,S,-155965.0,1073.62,1,
11,539,1,S,-156092.0,1075.88,1,
11,540,1,S,-156170.0,1077.27,1,
11,541,1,S,-156334.0,1080.19,1,
11,542,1,S,-156395.0,1081.29,1,
11,543,1,S,-156505.0,1083.24,1,
11,544,1,S,-156690.0,1086.55,1,
11,545,1,S,-156796.0,1088.45,1,
11,546,1,S,-156914.0,1090.56,1,
11,547,1,S,-156955.0,1091.31,1,
11,548,1,S,-157067.0,1093.32,1,
11,549,1,S,-157194.0,1095.6,1,
11,550,1,S,-157350.0,1098.4,1,
11,551,1,S,-157442.0,1100.05,1,
11,552,1,S,-157508.0,1101.25,1,
11,553,1,S,-157643.0,1103.68,1,
11,554,1,S,-157819.0,1106.85,1,
11,555,1,S,-157861.0,1107.61,1,
11,556,1,S,-158002.0,1110.16,1,
11,557,1,S,-158063.0,1111.26,1,
11,558,1,S,-158255.0,1114.74,1,
11,559,1,S,-158377.0,1116.96,1,
11,560,1,S,-158470.0,1118.65,1,
11,561,1,S,-158549.0,1120.09,1,
11,562,1,S,-158697.0,1122.78,1,
11,563,1,S,-158740.0,1123.56,1,
11,564,1,S,-158845.0,1125.47,1,
11,565,1,S,-159013.0,1128.54,1,
11,566,1,S,-159107.0,1130.24,1,
11,567,1,S,-159173.0,1131.45,1,
11,568,1,S,-159371.0,1135.07,1,
11,569,1,S,-159458.0,1136.67,1,
11,570,1,S,-159538.0,1138.12,1,
11,571,1,S,-159661.0,1140.38,1,
11,572,1,S,-159710.0,1141.29,1,
11,573,1,S,-159913.0,1145.0,1,
11,574,1,S,-159981.0,1146.25,1,
11,575,1,S,-160072.0,1147.94,1,
11,576,1,S,-160162.0,1149.59,1,
11,577,1,S,-160324.0,1152.57,1,
11,578,1,S,-160361.0,1153.26,1,
11,579,1,S,-160479.0,1155.43,1,
11,580,1,S,-160605.0,1157.75,1,
11,581,1,S,-160773.0,1160.87,1,
11,582,1,S,-160894.0,1163.11,1,
11,583,1,S,-160909.0,1163.38,1,
11,584,1,S,-161037.0,1165.75,1,
11,585,1,S,-161137.0,1167.61,1,
11,586,1,S,-161306.0,1170.74,1,
11,587,1,S,-161423.0,1172.92,1,
11,588,1,S,-161460.0,1173.6,1,
11,589,1,S,-161606.0,1176.33,1,
11,590,1,S,-161693.0,1177.94,1,
11,591,1,S,-161797.0,1179.88,1,
11,592,1,S,-161892.0,1181.66,1,
11,593,1,S,-161991.0,1183.51,1,
11,594,1,S,-162155.0,1186.58,1,
11,595,1,S,-162263.0,1188.59,1,
11,596,1,S,-162349.0,1190.2,1,
11,597,1,S,-162446.0,1192.03,1,
11,598,1,S,-162526.0,1193.52,1,
11,599,1,S,-162693.0,1196.65,1,
11,600,1,S,-162762.0,1197.95,1,
11,601,1,S,-162837.0,1199.37,1,
11,602,1,S,-162956.0,1201.61,1,
11,603,1,S,-163056.0,1203.48,1,
11,604,1,S,-163163.0,1205.5,1,
11,605,1,S,-163276.0,1207.64,1,
11,606,1,S,-163390.0,1209.79,1,
11,607,1,S,-163483.0,1211.55,1,
11,608,1,S,-163595.0,1213.66,1,
11,609,1,S,-163700.0,1215.64,1,
11,610,1,S,-163797.0,1217.49,1,
11,611,1,S,-163952.0,1220.42,1,
11,612,1,S,-164004.0,1221.4,1,
11,613,1,S,-164130.0,1223.81,1,
11,614,1,S,-164233.0,1225.75,1,
11,615,1,S,-164412.0,1229.16,1,
11,616,1,S,-164486.0,1230.57,1,
11,617,1,S,-164615.0,1233.04,1,
11,618,1,S,-164701.0,1234.67,1,
11,619,1,S,-164758.0,1235.76,1,
11,620,1,S,-164894.0,1238.35,1,
11,621,1,S,-164948.0,1239.38,1,
11,622,1,S,-165099.0,1242.27,1,
11,623,1,S,-165252.0,1245.21,1,
11,624,1,S,-165346.0,1247.01,1,
11,625,1,S,-165378.0,1247.62,1,
11,626,1,S,-165491.0,1249.8,1,
11,627,1,S,-165643.0,1252.71,1,
11,628,1,S,-165674.0,1253.31,1,
11,629,1,S,-165822.0,1256.15,1,
11,630,1,S,-165954.0,1258.69,1,
11,631,1,S,-166062.0,1260.77,1,
11,632,1,S,-166166.0,1262.78,1,
11,633,1,S,-166203.0,1263.5,1,
11,634,1,S,-166375.0,1266.81,1,
11,635,1,S,-166424.0,1267.77,1,
11,636,1,S,-166540.0,1270.0,1,
11,637,1,S,-166653.0,1272.19,1,
11,638,1,S,-166776.0,1274.58,1,
11,639,1,S,-166915.0,1277.27,1,
11,640,1,S,-167004.0,1279.01,1,
11,641,1,S,-167029.0,1279.49,1,
11,642,1,S,-167180.0,1282.42,1,
11,643,1,S,-167255.0,1283.89,1,
11,644,1,S,-167399.0,1286.69,1,
11,645,1,S,-167511.0,1288.86,1,
11,646,1,S,-167606.0,1290.72,1,
11,647,1,S,-167716.0,1292.87,1,
11,648,1,S,-167764.0,1293.8,1,
11,649,1,S,-167881.0,1296.1,1,
11,650,1,S,-168033.0,1299.06,1,
11,651,1,S,-168109.0,1300.55,1,
11,652,1,S,-168248.0,1303.27,1,
11,653,1,S,-168264.0,1303.58,1,
11,654,1,S,-168361.0,1305.49,1,
11,655,1,S,-168488.0,1307.98,1,
11,656,1,S,-168607.0,1310.32,1,
11,657,1,S,-168695.0,1312.05,1,
11,658,1,S,-168848.0,1315.06,1,
11,659,1,S,-168875.0,1315.6,1,
11,660,1,S,-168995.0,1317.95,1,
11,661,1,S,-169122.0,1320.47,1,
11,662,1,S,-169187.0,1321.75,1,
11,663,1,S,-169282.0,1323.63,1,
11,664,1,S,-169369.0,1325.34,1,
11,665,1,S,-169498.0,1327.89,1,
11,666,1,S,-169611.0,1330.14,1,
11,667,1,S,-169700.0,1331.89,1,
11,668,1,S,-169825.0,1334.37,1,
11,669,1,S,-169911.0,1336.07,1,
11,670,1,S,-169992.0,1337.69,1,
11,671,1,S,-170079.0,1339.42,1,
11,672,1,S,-170194.0,1341.71,1,
11,673,1,S,-170357.0,1344.94,1,
11,674,1,S,-170453.0,1346.86,1,
11,675,1,S,-170545.0,1348.69,1,
11,676,1,S,-170631.0,1350.4,1,
11,677,1,S,-170762.0,1353.02,1,
11,678,1,S,-170874.0,1355.26,1,
11,679,1,S,-170903.0,1355.83,1,
11,680,1,S,-171005.0,1357.88,1,
11,681,1,S,-171107.0,1359.92,1,
11,682,1,S,-171180.0,1361.38,1,
11,683,1,S,-171304.0,1363.86,1,
11,684,1,S,-171429.0,1366.37,1,
11,685,1,S,-171510.0,1368.0,1,
11,686,1,S,-171656.0,1370.94,1,
11,687,1,S,-171736.0,1372.54,1,
11,688,1,S,-171859.0,1375.02,1,
11,689,1,S,-171937.0,1376.6,1,
11,690,1,S,-172049.0,1378.84,1,
11,691,1,S,-172089.0,1379.66,1,
11,692,1,S,-172261.0,1383.13,1,
11,693,1,S,-172303.0,1383.97,1,
11,694,1,S,-172382.0,1385.57,1,
11,695,1,S,-172526.0,1388.49,1,
11,696,1,S,-172582.0,1389.62,1,
11,697,1,S,-172697.0,1391.95,1,
11,698,1,S,-172798.0,1393.99,1,
11,699,1,S,-172963.0,1397.35,1,
11,700,1,S,-173025.0,1398.6,1,
11,701,1,S,-173081.0,1399.74,1,
11,702,1,S,-173224.0,1402.64,1,
11,703,1,S,-173314.0,1404.48,1,
11,704,1,S,-173456.0,1407.36,1,
11,705,1,S,-173531.0,1408.89,1,
11,706,1,S,-173645.0,1411.22,1,
11,707,1,S,-173704.0,1412.43,1,
11,708,1,S,-173793.0,1414.23,1,
11,709,1,S,-173885.0,1416.12,1,
11,710,1,S,-174031.0,1419.11,1,
11,711,1,S,-174124.0,1421.01,1,
11,712,1,S,-174225.0,1423.08,1,
11,713,1,S,-174288.0,1424.37,1,
11,714,1,S,-174352.0,1425.67,1,
11,715,1,S,-174489.0,1428.48,1,
11,716,1,S,-174612.0,1431.02,1,
11,717,1,S,-174687.0,1432.56,1,
11,718,1,S,-174807.0,1435.03,1,
11,719,1,S,-174902.0,1436.97,1,
11,720,1,S,-174928.0,1437.5,1,
11,721,1,S,-175031.0,1439.64,1,
11,722,1,S,-175175.0,1442.6,1,
11,723,1,S,-175275.0,1444.67,1,
11,724,1,S,-175318.0,1445.55,1,
11,725,1,S,-175465.0,1448.58,1,
11,726,1,S,-175575.0,1450.86,1,
11,727,1,S,-175684.0,1453.11,1,
11,728,1,S,-175755.0,1454.59,1,
11,729,1,S,-175849.0,1456.54,1,
11,730,1,S,-175899.0,1457.58,1,
11,731,1,S,-176011.0,1459.9,1,
11,732,1,S,-176142.0,1462.61,1,
11,733,1,S,-176254.0,1464.94,1,
11,734,1,S,-176310.0,1466.1,1,
11,735,1,S,-176443.0,1468.87,1,
11,736,1,S,-176568.0,1471.47,1,
11,737,1,S,-176586.0,1471.85,1,
11,738,1,S,-176686.0,1473.94,1,
11,739,1,S,-176852.0,1477.39,1,
11,740,1,S,-176878.0,1477.94,1,
11,741,1,S,-176965.0,1479.75,1,
11,742,1,S,-177113.0,1482.84,1,
11,743,1,S,-177232.0,1485.33,1,
11,744,1,S,-177328.0,1487.34,1,
11,745,1,S,-177370.0,1488.22,1,
11,746,1,S,-177486.0,1490.65,1,
11,747,1,S,-177552.0,1492.04,1,
11,748,1,S,-177678.0,1494.68,1,
11,749,1,S,-177718.0,1495.52,1,
11,750,1,S,-177883.0,1498.98,1,
11,751,1,S,-177931.0,1500.0,1,
11,752,1,S,-178052.0,1502.54,1,
11,753,1,S,-178161.0,1504.83,1,
11,754,1,S,-178238.0,1506.47,1,
11,755,1,S,-178360.0,1509.04,1,
11,756,1,S,-178403.0,1509.94,1,
11,757,1,S,-178565.0,1513.37,1,
11,758,1,S,-178582.0,1513.73,1,
11,759,1,S,-178749.0,1517.25,1,
11,760,1,S,-178845.0,1519.29,1,
11,761,1,S,-178949.0,1521.48,1,
11,762,1,S,-178986.0,1522.27,1,
11,763,1,S,-179129.0,1525.29,1,
11,764,1,S,-179172.0,1526.2,1,
11,765,1,S,-179325.0,1529.45,1,
11,766,1,S,-179398.0,1531.0,1,
11,767,1,S,-179491.0,1532.98,1,
11,768,1,S,-179547.0,1534.18,1,
11,769,1,S,-179633.0,1536.01,1,
11,770,1,S,-179746.0,1538.42,1,
11,771,1,S,-179868.0,1541.01,1,
11,772,1,S,-179958.0,1542.94,1,
11,773,1,S,-180036.0,1544.6,1,
11,774,1,S,-180129.0,1546.58,1,
11,775,1,S,-180214.0,1548.39,1,
11,776,1,S,-180324.0,1550.74,1,
11,777,1,S,-180374.0,1551.81,1,
11,778,1,S,-180490.0,1554.29,1,
11,779,1,S,-180572.0,1556.06,1,
11,780,1,S,-180668.0,1558.11,1,
11,781,1,S,-180825.0,1561.47,1,
11,782,1,S,-180911.0,1563.32,1,
11,783,1,S,-180960.0,1564.38,1,
11,784,1,S,-181104.0,1567.46,1,
11,785,1,S,-181153.0,1568.53,1,
11,786,1,S,-181293.0,1571.53,1,
11,787,1,S,-181384.0,1573.49,1,
11,788,1,S,-181403.0,1573.91,1,
11,789,1,S,-181553.0,1577.14,1,
11,790,1,S,-181576.0,1577.63,1,
11,791,1,S,-181717.0,1580.68,1,
11,792,1,S,-181805.0,1582.57,1,
11,793,1,S,-181938.0,1585.46,1,
11,794,1,S,-182027.0,1587.38,1,
11,795,1,S,-182043.0,1587.73,1,
11,796,1,S,-182220.0,1591.55,1,
11,797,1,S,-182256.0,1592.33,1,
11,798,1,S,-182341.0,1594.18,1,
11,799,1,S,-182421.0,1595.91,1,
11,800,1,S,-182590.0,1599.58,1,
11,801,1,S,-182599.0,1599.78,1,
11,802,1,S,-182726.0,1602.54,1,
11,803,1,S,-182833.0,1604.85,1,
11,804,1,S,-182904.0,1606.41,1,
11,805,1,S,-182994.0,1608.36,1,
11,806,1,S,-183126.0,1611.25,1,
11,807,1,S,-183150.0,1611.76,1,
11,808,1,S,-183270.0,1614.38,1,
11,809,1,S,-183356.0,1616.25,1,
11,810,1,S,-183474.0,1618.83,1,
11,811,1,S,-183599.0,1621.57,1,
11,812,1,S,-183671.0,1623.14,1,
11,813,1,S,-183704.0,1623.87,1,
11,814,1,S,-183835.0,1626.73,1,
11,815,1,S,-183930.0,1628.81,1,
11,816,1,S,-184013.0,1630.62,1,
11,817,1,S,-184144.0,1633.5,1,
11,818,1,S,-184186.0,1634.42,1,
11,819,1,S,-184316.0,1637.29,1,
11,820,1,S,-184409.0,1639.32,1,
11,821,1,S,-184509.0,1641.52,1,
11,822,1,S,-184527.0,1641.93,1,
11,823,1,S,-184610.0,1643.74,1,
11,824,1,S,-184765.0,1647.17,1,
11,825,1,S,-184823.0,1648.45,1,
11,826,1,S,-184918.0,1650.53,1,
11,827,1,S,-185012.0,1652.6,1,
11,828,1,S,-185084.0,1654.19,1,
11,829,1,S,-185239.0,1657.63,1,
11,830,1,S,-185278.0,1658.49,1,
11,831,1,S,-185370.0,1660.53,1,
11,832,1,S,-185506.0,1663.53,1,
11,833,1,S,-185567.0,1664.89,1,
11,834,1,S,-185641.0,1666.53,1,
11,835,1,S,-185710.0,1668.05,1,
11,836,1,S,-185792.0,1669.87,1,
11,837,1,S,-185889.0,1672.03,1,
11,838,1,S,-185996.0,1674.4,1,
11,839,1,S,-186103.0,1676.78,1,
11,840,1,S,-186151.0,1677.85,1,
11,841,1,S,-186297.0,1681.1,1,
11,842,1,S,-186358.0,1682.45,1,
11,843,1,S,-186481.0,1685.2,1,
11,844,1,S,-186557.0,1686.88,1,
11,845,1,S,-186606.0,1687.98,1,
11,846,1,S,-186759.0,1691.4,1,
11,847,1,S,-186800.0,1692.32,1,
11,848,1,S,-186894.0,1694.41,1,
11,849,1,S,-187023.0,1697.29,1,
11,850,1,S,-187080.0,1698.58,1,
11,851,1,S,-187185.0,1700.92,1,
11,852,1,S,-187241.0,1702.17,1,
11,853,1,S,-187351.0,1704.64,1,
11,854,1,S,-187450.0,1706.87,1,
11,855,1,S,-187514.0,1708.3,1,
11,856,1,S,-187609.0,1710.44,1,
11,857,1,S,-187706.0,1712.61,1,
11,858,1,S,-187786.0,1714.41,1,
11,859,1,S,-187852.0,1715.89,1,
11,860,1,S,-187967.0,1718.47,1,
11,861,1,S,-188067.0,1720.73,1,
11,862,1,S,-188188.0,1723.45,1,
11,863,1,S,-188267.0,1725.23,1,
11,864,1,S,-188296.0,1725.9,1,
11,865,1,S,-188384.0,1727.89,1,
11,866,1,S,-188543.0,1731.46,1,
11,867,1,S,-188623.0,1733.27,1,
11,868,1,S,-188669.0,1734.31,1,
11,869,1,S,-188781.0,1736.85,1,
11,870,1,S,-188848.0,1738.38,1,
11,871,1,S,-188956.0,1740.81,1,
11,872,1,S,-189055.0,1743.06,1,
11,873,1,S,-189121.0,1744.55,1,
11,874,1,S,-189239.0,1747.23,1,
11,875,1,S,-189349.0,1749.73,1,
11,876,1,S,-189379.0,1750.42,1,
11,877,1,S,-189467.0,1752.4,1,
11,878,1,S,-189579.0,1754.96,1,
11,879,1,S,-189675.0,1757.15,1,
11,880,1,S,-189751.0,1758.87,1,
11,881,1,S,-189844.0,1760.98,1,
11,882,1,S,-189886.0,1761.94,1,
11,883,1,S,-190036.0,1765.37,1,
11,884,1,S,-190100.0,1766.84,1,
11,885,1,S,-190204.0,1769.2,1,
11,886,1,S,-190289.0,1771.14,1,
11,887,1,S,-190388.0,1773.4,1,
11,888,1,S,-190480.0,1775.52,1,
11,889,1,S,-190493.0,1775.82,1,
11,890,1,S,-190597.0,1778.18,1,
11,891,1,S,-190674.0,1779.96,1,
11,892,1,S,-190830.0,1783.53,1,
11,893,1,S,-190892.0,1784.95,1,
11,894,1,S,-190956.0,1786.41,1,
11,895,1,S,-191026.0,1788.02,1,
11,896,1,S,-191172.0,1791.37,1,
11,897,1,S,-191209.0,1792.24,1,
11,898,1,S,-191294.0,1794.18,1,
11,899,1,S,-191426.0,1797.22,1,
11,900,1,S,-191537.0,1799.77,1,
11,901,1,S,-191619.0,1801.66,1,
11,902,1,S,-191684.0,1803.16,1,
11,903,1,S,-191720.0,1804.0,1,
11,904,1,S,-191840.0,1806.76,1,
11,905,1,S,-191897.0,1808.08,1,
11,906,1,S,-191973.0,1809.83,1,
11,907,1,S,-192119.0,1813.22,1,
11,908,1,S,-192157.0,1814.09,1,
11,909,1,S,-192285.0,1817.05,1,
11,910,1,S,-192363.0,1818.86,1,
11,911,1,S,-192422.0,1820.23,1,
11,912,1,S,-192571.0,1823.68,1,
11,913,1,S,-192609.0,1824.55,1,
11,914,1,S,-192719.0,1827.12,1,
11,915,1,S,-192834.0,1829.77,1,
11,916,1,S,-192889.0,1831.06,1,
11,917,1,S,-192977.0,1833.11,1,
11,918,1,S,-193093.0,1835.81,1,
11,919,1,S,-193151.0,1837.16,1,
11,920,1,S,-193228.0,1838.95,1,
11,921,1,S,-193336.0,1841.47,1,
11,922,1,S,-193412.0,1843.23,1,
11,923,1,S,-193443.0,1843.95,1,
11,924,1,S,-193610.0,1847.85,1,
11,925,1,S,-193655.0,1848.91,1,
11,926,1,S,-193707.0,1850.11,1,
11,927,1,S,-193838.0,1853.17,1,
11,928,1,S,-193906.0,1854.76,1,
11,929,1,S,-193996.0,1856.86,1,
11,930,1,S,-194076.0,1858.75,1,
11,931,1,S,-194195.0,1861.54,1,
11,932,1,S,-194279.0,1863.51,1,
11,933,1,S,-194332.0,1864.74,1,
11,934,1,S,-194453.0,1867.58,1,
11,935,1,S,-194496.0,1868.6,1,
11,936,1,S,-194614.0,1871.35,1,
11,937,1,S,-194712.0,1873.66,1,
11,938,1,S,-194746.0,1874.47,1,
11,939,1,S,-194835.0,1876.56,1,
11,940,1,S,-194947.0,1879.19,1,
11,941,1,S,-195052.0,1881.65,1,
11,942,1,S,-195118.0,1883.22,1,
11,943,1,S,-195192.0,1884.97,1,
11,944,1,S,-195267.0,1886.73,1,
11,945,1,S,-195348.0,1888.64,1,
11,946,1,S,-195412.0,1890.14,1,
11,947,1,S,-195560.0,1893.65,1,
11,948,1,S,-195627.0,1895.23,1,
11,949,1,S,-195686.0,1896.62,1,
11,950,1,S,-195782.0,1898.9,1,
11,951,1,S,-195886.0,1901.36,1,
11,952,1,S,-195951.0,1902.89,1,
11,953,1,S,-196042.0,1905.05,1,
11,954,1,S,-196146.0,1907.52,1,
11,955,1,S,-196190.0,1908.56,1,
11,956,1,S,-196255.0,1910.11,1,
11,957,1,S,-196344.0,1912.21,1,
11,958,1,S,-196457.0,1914.89,1,
11,959,1,S,-196519.0,1916.37,1,
11,960,1,S,-196620.0,1918.78,1,
11,961,1,S,-196722.0,1921.21,1,
11,962,1,S,-196773.0,1922.41,1,
11,963,1,S,-196853.0,1924.32,1,
11,964,1,S,-196945.0,1926.51,1,
11,965,1,S,-197015.0,1928.19,1,
11,966,1,S,-197136.0,1931.08,1,
11,967,1,S,-197204.0,1932.69,1,
11,968,1,S,-197276.0,1934.4,1,
11,969,1,S,-197404.0,1937.46,1,
11,970,1,S,-197450.0,1938.56,1,
11,971,1,S,-197576.0,1941.59,1,
11,972,1,S,-197603.0,1942.22,1,
11,973,1,S,-197709.0,1944.76,1,
11,974,1,S,-197771.0,1946.25,1,
11,975,1,S,-197917.0,1949.75,1,
11,976,1,S,-197975.0,1951.13,1,
11,977,1,S,-198047.0,1952.87,1,
11,978,1,S,-198159.0,1955.55,1,
11,979,1,S,-198247.0,1957.66,1,
11,980,1,S,-198270.0,1958.22,1,
11,981,1,S,-198423.0,1961.9,1,
11,982,1,S,-198442.0,1962.36,1,
11,983,1,S,-198530.0,1964.47,1,
11,984,1,S,-198666.0,1967.74,1,
11,985,1,S,-198716.0,1968.95,1,
11,986,1,S,-198778.0,1970.44,1,
11,987,1,S,-198901.0,1973.41,1,
11,988,1,S,-198957.0,1974.76,1,
11,989,1,S,-199078.0,1977.69,1,
11,990,1,S,-199145.0,1979.31,1,
11,991,1,S,-199190.0,1980.4,1,
11,992,1,S,-199271.0,1982.34,1,
11,993,1,S,-199372.0,1984.78,1,
11,994,1,S,-199422.0,1986.01,1,
11,995,1,S,-199506.0,1988.04,1,
11,996,1,S,-199614.0,1990.65,1,
11,997,1,S,-199703.0,1992.81,1,
11,998,1,S,-199834.0,1995.99,1,
11,999,1,S,-199855.0,1996.49,1,
11,1000,1,S,-200000.0,2000.0,1,
12,1,1,S,200000.0,0.0,1,
12,2,1,S,195992.0,1.98,1,
12,3,1,S,195276.0,2.75,1,
12,4,1,S,193205.0,5.69,1,
12,5,1,S,192168.0,7.56,1,
12,6,1,S,191365.0,9.19,1,
12,7,1,S,190948.0,10.1,1,
12,8,1,S,189809.0,12.8,1,
12,9,1,S,189053.0,14.77,1,
12,10,1,S,188374.0,16.66,1,
12,11,1,S,187835.0,18.24,1,
12,12,1,S,187031.0,20.73,1,
12,13,1,S,186104.0,23.8,1,
12,14,1,S,185696.0,25.22,1,
12,15,1,S,185044.0,27.57,1,
12,16,1,S,184619.0,29.16,1,
12,17,1,S,184047.0,31.37,1,
12,18,1,S,183408.0,33.93,1,
12,19,1,S,183379.0,34.05,1,
12,20,1,S,182702.0,36.88,1,
12,21,1,S,181990.0,39.98,1,
12,22,1,S,181940.0,40.2,1,
12,23,1,S,181270.0,43.24,1,
12,24,1,S,180840.0,45.25,1,
12,25,1,S,180404.0,47.33,1,
12,26,1,S,180015.0,49.23,1,
12,27,1,S,179663.0,50.98,1,
12,28,1,S,179063.0,54.03,1,
12,29,1,S,179017.0,54.27,1,
12,30,1,S,178411.0,57.45,1,
12,31,1,S,178253.0,58.29,1,
12,32,1,S,177734.0,61.11,1,
12,33,1,S,177285.0,63.6,1,
12,34,1,S,177077.0,64.77,1,
12,35,1,S,176595.0,67.52,1,
12,36,1,S,176369.0,68.83,1,
12,37,1,S,176035.0,70.79,1,
12,38,1,S,175816.0,72.09,1,
12,39,1,S,175287.0,75.28,1,
12,40,1,S,174918.0,77.54,1,
12,41,1,S,174781.0,78.39,1,
12,42,1,S,174441.0,80.52,1,
12,43,1,S,173969.0,83.52,1,
12,44,1,S,173613.0,85.82,1,
12,45,1,S,173364.0,87.45,1,
12,46,1,S,173052.0,89.51,1,
12,47,1,S,172767.0,91.41,1,
12,48,1,S,172634.0,92.31,1,
12,49,1,S,172282.0,94.7,1,
12,50,1,S,171931.0,97.11,1,
12,51,1,S,171662.0,98.98,1,
12,52,1,S,171453.0,100.45,1,
12,53,1,S,171215.0,102.13,1,
12,54,1,S,170706.0,105.77,1,
12,55,1,S,170464.0,107.53,1,
12,56,1,S,170290.0,108.8,1,
12,57,1,S,169864.0,111.94,1,
12,58,1,S,169738.0,112.88,1,
12,59,1,S,169491.0,114.73,1,
12,60,1,S,169130.0,117.46,1,
12,61,1,S,169015.0,118.34,1,
12,62,1,S,168677.0,120.93,1,
12,63,1,S,168432.0,122.83,1,
12,64,1,S,168044.0,125.87,1,
12,65,1,S,168005.0,126.18,1,
12,66,1,S,167579.0,129.56,1,
12,67,1,S,167495.0,130.23,1,
12,68,1,S,167128.0,133.19,1,
12,69,1,S,166989.0,134.32,1,
12,70,1,S,166615.0,137.38,1,
12,71,1,S,166354.0,139.54,1,
12,72,1,S,166230.0,140.57,1,
12,73,1,S,165814.0,144.05,1,
12,74,1,S,165601.0,145.85,1,
12,75,1,S,165357.0,147.93,1,
12,76,1,S,165329.0,148.17,1,
12,77,1,S,164916.0,151.72,1,
12,78,1,S,164708.0,153.52,1,
12,79,1,S,164573.0,154.7,1,
12,80,1,S,164245.0,157.58,1,
12,81,1,S,163978.0,159.94,1,
12,82,1,S,163935.0,160.32,1,
12,83,1,S,163666.0,162.72,1,
12,84,1,S,163355.0,165.52,1,
12,85,1,S,163219.0,166.75,1,
12,86,1,S,162921.0,169.46,1,
12,87,1,S,162626.0,172.17,1,
12,88,1,S,162433.0,173.95,1,
12,89,1,S,162383.0,174.42,1,
12,90,1,S,162020.0,177.8,1,
12,91,1,S,161926.0,178.68,1,
12,92,1,S,161704.0,180.77,1,
12,93,1,S,161473.0,182.96,1,
12,94,1,S,161330.0,184.32,1,
12,95,1,S,161033.0,187.16,1,
12,96,1,S,160738.0,190.01,1,
12,97,1,S,160698.0,190.39,1,
12,98,1,S,160324.0,194.03,1,
12,99,1,S,160258.0,194.68,1,
12,100,1,S,159998.0,197.24,1,
12,101,1,S,159752.0,199.67,1,
12,102,1,S,159641.0,200.77,1,
12,103,1,S,159393.0,203.25,1,
12,104,1,S,159118.0,206.01,1,
12,105,1,S,159094.0,206.25,1,
12,106,1,S,158793.0,209.3,1,
12,107,1,S,158691.0,210.34,1,
12,108,1,S,158342.0,213.9,1,
12,109,1,S,158130.0,216.09,1,
12,110,1,S,158002.0,217.41,1,
12,111,1,S,157828.0,219.22,1,
12,112,1,S,157715.0,220.39,1,
12,113,1,S,157444.0,223.23,1,
12,114,1,S,157270.0,225.06,1,
12,115,1,S,157139.0,226.44,1,
12,116,1,S,156919.0,228.77,1,
12,117,1,S,156613.0,232.03,1,
12,118,1,S,156474.0,233.52,1,
12,119,1,S,156349.0,234.86,1,
12,120,1,S,156217.0,236.28,1,
12,121,1,S,155935.0,239.34,1,
12,122,1,S,155747.0,241.38,1,
12,123,1,S,155636.0,242.6,1,
12,124,1,S,155360.0,245.62,1,
12,125,1,S,155275.0,246.56,1,
12,126,1,S,154974.0,249.89,1,
12,127,1,S,154810.0,251.71,1,
12,128,1,S,154693.0,253.02,1,
12,129,1,S,154419.0,256.09,1,
12,130,1,S,154258.0,257.9,1,
12,131,1,S,154140.0,259.24,1,
12,132,1,S,154043.0,260.33,1,
12,133,1,S,153701.0,264.22,1,
12,134,1,S,153611.0,265.25,1,
12,135,1,S,153437.0,267.24,1,
12,136,1,S,153334.0,268.43,1,
12,137,1,S,153078.0,271.38,1,
12,138,1,S,152896.0,273.49,1,
12,139,1,S,152707.0,275.69,1,
12,140,1,S,152562.0,277.38,1,
12,141,1,S,152397.0,279.32,1,
12,142,1,S,152264.0,280.88,1,
12,143,1,S,152060.0,283.28,1,
12,144,1,S,151875.0,285.48,1,
12,145,1,S,151681.0,287.78,1,
12,146,1,S,151497.0,289.98,1,
12,147,1,S,151467.0,290.33,1,
12,148,1,S,151162.0,293.99,1,
12,149,1,S,151092.0,294.84,1,
12,150,1,S,150817.0,298.17,1,
12,151,1,S,150650.0,300.19,1,
12,152,1,S,150488.0,302.17,1,
12,153,1,S,150462.0,302.48,1,
12,154,1,S,150310.0,304.34,1,
12,155,1,S,150042.0,307.64,1,
12,156,1,S,149896.0,309.44,1,
12,157,1,S,149732.0,311.46,1,
12,158,1,S,149651.0,312.47,1,
12,159,1,S,149478.0,314.62,1,
12,160,1,S,149256.0,317.39,1,
12,161,1,S,149104.0,319.3,1,
12,162,1,S,148914.0,321.68,1,
12,163,1,S,148780.0,323.38,1,
12,164,1,S,148591.0,325.76,1,
12,165,1,S,148541.0,326.4,1,
12,166,1,S,148330.0,329.08,1,
12,167,1,S,148159.0,331.26,1,
12,168,1,S,147927.0,334.23,1,
12,169,1,S,147798.0,335.89,1,
12,170,1,S,147759.0,336.39,1,
12,171,1,S,147541.0,339.21,1,
12,172,1,S,147420.0,340.78,1,
12,173,1,S,147149.0,344.3,1,
12,174,1,S,147033.0,345.81,1,
12,175,1,S,146892.0,347.65,1,
12,176,1,S,146796.0,348.91,1,
12,177,1,S,146592.0,351.59,1,
12,178,1,S,146506.0,352.73,1,
12,179,1,S,146305.0,355.38,1,
12,180,1,S,146226.0,356.43,1,
12,181,1,S,146026.0,359.09,1,
12,182,1,S,145895.0,360.83,1,
12,183,1,S,145711.0,363.29,1,
12,184,1,S,145544.0,365.53,1,
12,185,1,S,145358.0,368.03,1,
12,186,1,S,145263.0,369.31,1,
12,187,1,S,145081.0,371.77,1,
12,188,1,S,144896.0,374.27,1,
12,189,1,S,144772.0,375.96,1,
12,190,1,S,144678.0,377.24,1,
12,191,1,S,144553.0,378.95,1,
12,192,1,S,144340.0,381.87,1,
12,193,1,S,144256.0,383.02,1,
12,194,1,S,144055.0,385.79,1,
12,195,1,S,143987.0,386.73,1,
12,196,1,S,143865.0,388.42,1,
12,197,1,S,143650.0,391.4,1,
12,198,1,S,143443.0,394.28,1,
12,199,1,S,143404.0,394.82,1,
12,200,1,S,143209.0,397.55,1,
12,201,1,S,143127.0,398.69,1,
12,202,1,S,142958.0,401.07,1,
12,203,1,S,142816.0,403.06,1,
12,204,1,S,142580.0,406.4,1,
12,205,1,S,142509.0,407.41,1,
12,206,1,S,142371.0,409.36,1,
12,207,1,S,142177.0,412.13,1,
12,208,1,S,142144.0,412.59,1,
12,209,1,S,141937.0,415.55,1,
12,210,1,S,141875.0,416.44,1,
12,211,1,S,141644.0,419.76,1,
12,212,1,S,141518.0,421.57,1,
12,213,1,S,141431.0,422.83,1,
12,214,1,S,141221.0,425.87,1,
12,215,1,S,141081.0,427.89,1,
12,216,1,S,141015.0,428.85,1,
12,217,1,S,140770.0,432.42,1,
12,218,1,S,140668.0,433.91,1,
12,219,1,S,140547.0,435.69,1,
12,220,1,S,140367.0,438.33,1,
12,221,1,S,140323.0,438.98,1,
12,222,1,S,140104.0,442.21,1,
12,223,1,S,140086.0,442.47,1,
12,224,1,S,139894.0,445.31,1,
12,225,1,S,139799.0,446.72,1,
12,226,1,S,139558.0,450.31,1,
12,227,1,S,139533.0,450.67,1,
12,228,1,S,139391.0,452.79,1,
12,229,1,S,139212.0,455.47,1,
12,230,1,S,139067.0,457.65,1,
12,231,1,S,139004.0,458.59,1,
12,232,1,S,138865.0,460.69,1,
12,233,1,S,138628.0,464.27,1,
12,234,1,S,138509.0,466.07,1,
12,235,1,S,138409.0,467.59,1,
12,236,1,S,138292.0,469.36,1,
12,237,1,S,138095.0,472.37,1,
12,238,1,S,138017.0,473.56,1,
12,239,1,S,137954.0,474.52,1,
12,240,1,S,137771.0,477.33,1,
12,241,1,S,137585.0,480.18,1,
12,242,1,S,137554.0,480.66,1,
12,243,1,S,137362.0,483.62,1,
12,244,1,S,137299.0,484.59,1,
12,245,1,S,137101.0,487.66,1,
12,246,1,S,137022.0,488.88,1,
12,247,1,S,136883.0,491.05,1,
12,248,1,S,136763.0,492.91,1,
12,249,1,S,136654.0,494.61,1,
12,250,1,S,136418.0,498.3,1,
12,251,1,S,136356.0,499.28,1,
12,252,1,S,136189.0,501.9,1,
12,253,1,S,136111.0,503.13,1,
12,254,1,S,135990.0,505.03,1,
12,255,1,S,135809.0,507.9,1,
12,256,1,S,135749.0,508.84,1,
12,257,1,S,135536.0,512.22,1,
12,258,1,S,135481.0,513.1,1,
12,259,1,S,135273.0,516.42,1,
12,260,1,S,135198.0,517.62,1,
12,261,1,S,135137.0,518.58,1,
12,262,1,S,134911.0,522.21,1,
12,263,1,S,134784.0,524.25,1,
12,264,1,S,134740.0,524.95,1,
12,265,1,S,134535.0,528.25,1,
12,266,1,S,134417.0,530.16,1,
12,267,1,S,134367.0,530.98,1,
12,268,1,S,134257.0,532.76,1,
12,269,1,S,134143.0,534.6,1,
12,270,1,S,133966.0,537.48,1,
12,271,1,S,133802.0,540.15,1,
12,272,1,S,133669.0,542.33,1,
12,273,1,S,133644.0,542.74,1,
12,274,1,S,133522.0,544.74,1,
12,275,1,S,133300.0,548.38,1,
12,276,1,S,133198.0,550.06,1,
12,277,1,S,133156.0,550.75,1,
12,278,1,S,132998.0,553.35,1,
12,279,1,S,132825.0,556.22,1,
12,280,1,S,132781.0,556.94,1,
12,281,1,S,132666.0,558.86,1,
12,282,1,S,132526.0,561.18,1,
12,283,1,S,132442.0,562.58,1,
12,284,1,S,132246.0,565.85,1,
12,285,1,S,132097.0,568.34,1,
12,286,1,S,131979.0,570.32,1,
12,287,1,S,131897.0,571.69,1,
12,288,1,S,131834.0,572.74,1,
12,289,1,S,131632.0,576.14,1,
12,290,1,S,131492.0,578.51,1,
12,291,1,S,131427.0,579.6,1,
12,292,1,S,131347.0,580.96,1,
12,293,1,S,131187.0,583.67,1,
12,294,1,S,131093.0,585.27,1,
12,295,1,S,130993.0,586.97,1,
12,296,1,S,130809.0,590.1,1,
12,297,1,S,130733.0,591.4,1,
12,298,1,S,130601.0,593.66,1,
12,299,1,S,130495.0,595.47,1,
12,300,1,S,130381.0,597.43,1,
12,301,1,S,130228.0,600.05,1,
12,302,1,S,130124.0,601.84,1,
12,303,1,S,130005.0,603.89,1,
12,304,1,S,129928.0,605.23,1,
12,305,1,S,129831.0,606.9,1,
12,306,1,S,129661.0,609.84,1,
12,307,1,S,129503.0,612.59,1,
12,308,1,S,129399.0,614.4,1,
12,309,1,S,129349.0,615.27,1,
12,310,1,S,129194.0,617.98,1,
12,311,1,S,129139.0,618.93,1,
12,312,1,S,129009.0,621.21,1,
12,313,1,S,128847.0,624.04,1,
12,314,1,S,128712.0,626.41,1,
12,315,1,S,128666.0,627.22,1,
12,316,1,S,128476.0,630.56,1,
12,317,1,S,128398.0,631.94,1,
12,318,1,S,128301.0,633.65,1,
12,319,1,S,128211.0,635.25,1,
12,320,1,S,128076.0,637.64,1,
12,321,1,S,128011.0,638.79,1,
12,322,1,S,127797.0,642.59,1,
12,323,1,S,127759.0,643.27,1,
12,324,1,S,127620.0,645.75,1,
12,325,1,S,127471.0,648.42,1,
12,326,1,S,127447.0,648.85,1,
12,327,1,S,127263.0,652.14,1,
12,328,1,S,127145.0,654.26,1,
12,329,1,S,127041.0,656.13,1,
12,330,1,S,126925.0,658.22,1,
12,331,1,S,126822.0,660.07,1,
12,332,1,S,126706.0,662.17,1,
12,333,1,S,126571.0,664.6,1,
12,334,1,S,126488.0,666.1,1,
12,335,1,S,126348.0,668.65,1,
12,336,1,S,126240.0,670.61,1,
12,337,1,S,126221.0,670.95,1,
12,338,1,S,126092.0,673.3,1,
12,339,1,S,125931.0,676.25,1,
12,340,1,S,125800.0,678.64,1,
12,341,1,S,125757.0,679.42,1,
12,342,1,S,125595.0,682.39,1,
12,343,1,S,125569.0,682.87,1,
12,344,1,S,125384.0,686.26,1,
12,345,1,S,125321.0,687.43,1,
12,346,1,S,125177.0,690.07,1,
12,347,1,S,125053.0,692.37,1,
12,348,1,S,124997.0,693.41,1,
12,349,1,S,124894.0,695.3,1,
12,350,1,S,124760.0,697.8,1,
12,351,1,S,124708.0,698.75,1,
12,352,1,S,124515.0,702.35,1,
12,353,1,S,124449.0,703.57,1,
12,354,1,S,124281.0,706.7,1,
12,355,1,S,124235.0,707.56,1,
12,356,1,S,124107.0,709.96,1,
12,357,1,S,124029.0,711.41,1,
12,358,1,S,123959.0,712.72,1,
12,359,1,S,123842.0,714.93,1,
12,360,1,S,123664.0,718.27,1,
12,361,1,S,123592.0,719.63,1,
12,362,1,S,123508.0,721.21,1,
12,363,1,S,123374.0,723.73,1,
12,364,1,S,123232.0,726.43,1,
12,365,1,S,123156.0,727.86,1,
12,366,1,S,123038.0,730.1,1,
12,367,1,S,122916.0,732.41,1,
12,368,1,S,122881.0,733.08,1,
12,369,1,S,122707.0,736.4,1,
12,370,1,S,122645.0,737.57,1,
12,371,1,S,122538.0,739.62,1,
12,372,1,S,122424.0,741.79,1,
12,373,1,S,122317.0,743.85,1,
12,374,1,S,122236.0,745.39,1,
12,375,1,S,122071.0,748.57,1,
12,376,1,S,121971.0,750.48,1,
12,377,1,S,121944.0,751.0,1,
12,378,1,S,121790.0,753.96,1,
12,379,1,S,121727.0,755.18,1,
12,380,1,S,121546.0,758.69,1,
12,381,1,S,121536.0,758.88,1,
12,382,1,S,121391.0,761.69,1,
12,383,1,S,121306.0,763.33,1,
12,384,1,S,121163.0,766.11,1,
12,385,1,S,121121.0,766.92,1,
12,386,1,S,120975.0,769.76,1,
12,387,1,S,120877.0,771.68,1,
12,388,1,S,120803.0,773.12,1,
12,389,1,S,120713.0,774.88,1,
12,390,1,S,120559.0,777.89,1,
12,391,1,S,120451.0,780.01,1,
12,392,1,S,120318.0,782.61,1,
12,393,1,S,120281.0,783.34,1,
12,394,1,S,120126.0,786.39,1,
12,395,1,S,120094.0,787.03,1,
12,396,1,S,119968.0,789.51,1,
12,397,1,S,119865.0,791.55,1,
12,398,1,S,119732.0,794.17,1,
12,399,1,S,119655.0,795.69,1,
12,400,1,S,119504.0,798.68,1,
12,401,1,S,119477.0,799.22,1,
12,402,1,S,119353.0,801.68,1,
12,403,1,S,119211.0,804.52,1,
12,404,1,S,119103.0,806.66,1,
12,405,1,S,119051.0,807.71,1,
12,406,1,S,118953.0,809.67,1,
12,407,1,S,118810.0,812.51,1,
12,408,1,S,118721.0,814.31,1,
12,409,1,S,118628.0,816.16,1,
12,410,1,S,118552.0,817.7,1,
12,411,1,S,118451.0,819.72,1,
12,412,1,S,118330.0,822.15,1,
12,413,1,S,118245.0,823.87,1,
12,414,1,S,118153.0,825.73,1,
12,415,1,S,118044.0,827.92,1,
12,416,1,S,117973.0,829.35,1,
12,417,1,S,117807.0,832.71,1,
12,418,1,S,117798.0,832.9,1,
12,419,1,S,117618.0,836.55,1,
12,420,1,S,117576.0,837.41,1,
12,421,1,S,117450.0,839.97,1,
12,422,1,S,117321.0,842.59,1,
12,423,1,S,117248.0,844.08,1,
12,424,1,S,117114.0,846.83,1,
12,425,1,S,117104.0,847.02,1,
12,426,1,S,116989.0,849.38,1,
12,427,1,S,116841.0,852.4,1,
12,428,1,S,116749.0,854.29,1,
12,429,1,S,116648.0,856.37,1,
12,430,1,S,116580.0,857.77,1,
12,431,1,S,116491.0,859.6,1,
12,432,1,S,116420.0,861.07,1,
12,433,1,S,116304.0,863.45,1,
12,434,1,S,116222.0,865.15,1,
12,435,1,S,116073.0,868.23,1,
12,436,1,S,115976.0,870.23,1,
12,437,1,S,115936.0,871.07,1,
12,438,1,S,115838.0,873.1,1,
12,439,1,S,115661.0,876.77,1,
12,440,1,S,115561.0,878.85,1,
12,441,1,S,115547.0,879.15,1,
12,442,1,S,115445.0,881.27,1,
12,443,1,S,115292.0,884.46,1,
12,444,1,S,115224.0,885.89,1,
12,445,1,S,115108.0,888.3,1,
12,446,1,S,115042.0,889.69,1,
12,447,1,S,114911.0,892.43,1,
12,448,1,S,114884.0,893.0,1,
12,449,1,S,114779.0,895.21,1,
12,450,1,S,114617.0,898.62,1,
12,451,1,S,114558.0,899.85,1,
12,452,1,S,114489.0,901.3,1,
12,453,1,S,114341.0,904.44,1,
12,454,1,S,114231.0,906.76,1,
12,455,1,S,114142.0,908.63,1,
12,456,1,S,114106.0,909.41,1,
12,457,1,S,114017.0,911.28,1,
12,458,1,S,113922.0,913.31,1,
12,459,1,S,113756.0,916.83,1,
12,460,1,S,113726.0,917.47,1,
12,461,1,S,113639.0,919.32,1,
12,462,1,S,113486.0,922.58,1,
12,463,1,S,113404.0,924.33,1,
12,464,1,S,113331.0,925.89,1,
12,465,1,S,113262.0,927.37,1,
12,466,1,S,113119.0,930.43,1,
12,467,1,S,113059.0,931.71,1,
12,468,1,S,112931.0,934.46,1,
12,469,1,S,112863.0,935.92,1,
12,470,1,S,112744.0,938.46,1,
12,471,1,S,112711.0,939.17,1,
12,472,1,S,112624.0,941.05,1,
12,473,1,S,112454.0,944.72,1,
12,474,1,S,112390.0,946.1,1,
12,475,1,S,112293.0,948.19,1,
12,476,1,S,112217.0,949.84,1,
12,477,1,S,112135.0,951.62,1,
12,478,1,S,112067.0,953.08,1,
12,479,1,S,111952.0,955.58,1,
12,480,1,S,111830.0,958.23,1,
12,481,1,S,111730.0,960.4,1,
12,482,1,S,111632.0,962.54,1,
12,483,1,S,111585.0,963.56,1,
12,484,1,S,111493.0,965.57,1,
12,485,1,S,111341.0,968.89,1,
12,486,1,S,111333.0,969.07,1,
12,487,1,S,111224.0,971.44,1,
12,488,1,S,111101.0,974.14,1,
12,489,1,S,110988.0,976.62,1,
12,490,1,S,110959.0,977.25,1,
12,491,1,S,110878.0,979.03,1,
12,492,1,S,110733.0,982.23,1,
12,493,1,S,110672.0,983.57,1,
12,494,1,S,110555.0,986.15,1,
12,495,1,S,110463.0,988.17,1,
12,496,1,S,110384.0,989.92,1,
12,497,1,S,110281.0,992.2,1,
12,498,1,S,110208.0,993.82,1,
12,499,1,S,110087.0,996.49,1,
12,500,1,S,110035.0,997.64,1,
12,501,1,S,109945.0,999.65,1,
12,502,1,S,109853.0,1001.68,1,
12,503,1,S,109756.0,1003.85,1,
12,504,1,S,109690.0,1005.32,1,
12,505,1,S,109547.0,1008.5,1,
12,506,1,S,109455.0,1010.56,1,
12,507,1,S,109369.0,1012.47,1,
12,508,1,S,109311.0,1013.76,1,
12,509,1,S,109220.0,1015.81,1,
12,510,1,S,109122.0,1017.99,1,
12,511,1,S,109072.0,1019.12,1,
12,512,1,S,108909.0,1022.77,1,
12,513,1,S,108854.0,1024.02,1,
12,514,1,S,108787.0,1025.52,1,
12,515,1,S,108673.0,1028.09,1,
12,516,1,S,108589.0,1029.97,1,
12,517,1,S,108521.0,1031.5,1,
12,518,1,S,108394.0,1034.37,1,
12,519,1,S,108306.0,1036.36,1,
12,520,1,S,108273.0,1037.11,1,
12,521,1,S,108102.0,1040.98,1,
12,522,1,S,108016.0,1042.93,1,
12,523,1,S,108007.0,1043.13,1,
12,524,1,S,107904.0,1045.48,1,
12,525,1,S,107757.0,1048.82,1,
12,526,1,S,107706.0,1049.97,1,
12,527,1,S,107572.0,1053.01,1,
12,528,1,S,107506.0,1054.53,1,
12,529,1,S,107474.0,1055.25,1,
12,530,1,S,107314.0,1058.91,1,
12,531,1,S,107266.0,1060.0,1,
12,532,1,S,107170.0,1062.2,1,
12,533,1,S,107046.0,1065.03,1,
12,534,1,S,106980.0,1066.55,1,
12,535,1,S,106896.0,1068.48,1,
12,536,1,S,106842.0,1069.72,1,
12,537,1,S,106754.0,1071.75,1,
12,538,1,S,106651.0,1074.1,1,
12,539,1,S,106544.0,1076.58,1,
12,540,1,S,106497.0,1077.65,1,
12,541,1,S,106353.0,1080.98,1,
12,542,1,S,106287.0,1082.5,1,
12,543,1,S,106198.0,1084.57,1,
12,544,1,S,106150.0,1085.66,1,
12,545,1,S,106055.0,1087.86,1,
12,546,1,S,105948.0,1090.34,1,
12,547,1,S,105842.0,1092.8,1,
12,548,1,S,105781.0,1094.23,1,
12,549,1,S,105737.0,1095.24,1,
12,550,1,S,105629.0,1097.75,1,
12,551,1,S,105543.0,1099.76,1,
12,552,1,S,105447.0,1102.0,1,
12,553,1,S,105371.0,1103.78,1,
12,554,1,S,105270.0,1106.12,1,
12,555,1,S,105151.0,1108.91,1,
12,556,1,S,105123.0,1109.56,1,
12,557,1,S,105013.0,1112.13,1,
12,558,1,S,104927.0,1114.14,1,
12,559,1,S,104833.0,1116.35,1,
12,560,1,S,104775.0,1117.72,1,
12,561,1,S,104697.0,1119.56,1,
12,562,1,S,104571.0,1122.5,1,
12,563,1,S,104537.0,1123.32,1,
12,564,1,S,104377.0,1127.09,1,
12,565,1,S,104309.0,1128.68,1,
12,566,1,S,104251.0,1130.05,1,
12,567,1,S,104174.0,1131.87,1,
12,568,1,S,104059.0,1134.58,1,
12,569,1,S,103971.0,1136.68,1,
12,570,1,S,103927.0,1137.72,1,
12,571,1,S,103790.0,1140.96,1,
12,572,1,S,103715.0,1142.73,1,
12,573,1,S,103682.0,1143.52,1,
12,574,1,S,103555.0,1146.53,1,
12,575,1,S,103471.0,1148.54,1,
12,576,1,S,103389.0,1150.48,1,
12,577,1,S,103294.0,1152.75,1,
12,578,1,S,103202.0,1154.95,1,
12,579,1,S,103111.0,1157.12,1,
12,580,1,S,103086.0,1157.72,1,
12,581,1,S,103006.0,1159.62,1,
12,582,1,S,102866.0,1162.97,1,
12,583,1,S,102849.0,1163.39,1,
12,584,1,S,102736.0,1166.09,1,
12,585,1,S,102638.0,1168.44,1,
12,586,1,S,102558.0,1170.36,1,
12,587,1,S,102469.0,1172.5,1,
12,588,1,S,102387.0,1174.47,1,
12,589,1,S,102352.0,1175.32,1,
12,590,1,S,102220.0,1178.49,1,
12,591,1,S,102165.0,1179.83,1,
12,592,1,S,102048.0,1182.65,1,
12,593,1,S,101988.0,1184.11,1,
12,594,1,S,101866.0,1187.05,1,
12,595,1,S,101844.0,1187.59,1,
12,596,1,S,101719.0,1190.61,1,
12,597,1,S,101659.0,1192.07,1,
12,598,1,S,101580.0,1193.99,1,
12,599,1,S,101494.0,1196.07,1,
12,600,1,S,101428.0,1197.67,1,
12,601,1,S,101324.0,1200.21,1,
12,602,1,S,101205.0,1203.1,1,
12,603,1,S,101119.0,1205.19,1,
12,604,1,S,101048.0,1206.93,1,
12,605,1,S,100980.0,1208.59,1,
12,606,1,S,100915.0,1210.17,1,
12,607,1,S,100822.0,1212.44,1,
12,608,1,S,100789.0,1213.24,1,
12,609,1,S,100677.0,1215.98,1,
12,610,1,S,100592.0,1218.07,1,
12,611,1,S,100510.0,1220.09,1,
12,612,1,S,100453.0,1221.48,1,
12,613,1,S,100313.0,1224.91,1,
12,614,1,S,100290.0,1225.49,1,
12,615,1,S,100196.0,1227.79,1,
12,616,1,S,100084.0,1230.56,1,
12,617,1,S,100047.0,1231.46,1,
12,618,1,S,99972.0,1233.32,1,
12,619,1,S,99883.0,1235.52,1,
12,620,1,S,99760.0,1238.54,1,
12,621,1,S,99671.0,1240.74,1,
12,622,1,S,99614.0,1242.15,1,
12,623,1,S,99531.0,1244.2,1,
12,624,1,S,99432.0,1246.67,1,
12,625,1,S,99360.0,1248.44,1,
12,626,1,S,99313.0,1249.61,1,
12,627,1,S,99187.0,1252.75,1,
12,628,1,S,99148.0,1253.72,1,
12,629,1,S,99018.0,1256.94,1,
12,630,1,S,99002.0,1257.34,1,
12,631,1,S,98853.0,1261.05,1,
12,632,1,S,98821.0,1261.85,1,
12,633,1,S,98724.0,1264.28,1,
12,634,1,S,98651.0,1266.11,1,
12,635,1,S,98559.0,1268.4,1,
12,636,1,S,98462.0,1270.83,1,
12,637,1,S,98440.0,1271.38,1,
12,638,1,S,98310.0,1274.64,1,
12,639,1,S,98226.0,1276.75,1,
12,640,1,S,98155.0,1278.52,1,
12,641,1,S,98050.0,1281.16,1,
12,642,1,S,98041.0,1281.4,1,
12,643,1,S,97921.0,1284.42,1,
12,644,1,S,97824.0,1286.86,1,
12,645,1,S,97743.0,1288.88,1,
12,646,1,S,97701.0,1289.94,1,
12,647,1,S,97614.0,1292.14,1,
12,648,1,S,97562.0,1293.45,1,
12,649,1,S,97464.0,1295.93,1,
12,650,1,S,97398.0,1297.6,1,
12,651,1,S,97271.0,1300.82,1,
12,652,1,S,97236.0,1301.7,1,
12,653,1,S,97156.0,1303.74,1,
12,654,1,S,97078.0,1305.72,1,
12,655,1,S,96954.0,1308.85,1,
12,656,1,S,96875.0,1310.86,1,
12,657,1,S,96835.0,1311.87,1,
12,658,1,S,96703.0,1315.23,1,
12,659,1,S,96636.0,1316.96,1,
12,660,1,S,96599.0,1317.9,1,
12,661,1,S,96541.0,1319.38,1,
12,662,1,S,96402.0,1322.91,1,
12,663,1,S,96367.0,1323.81,1,
12,664,1,S,96235.0,1327.18,1,
12,665,1,S,96179.0,1328.63,1,
12,666,1,S,96090.0,1330.89,1,
12,667,1,S,96039.0,1332.21,1,
12,668,1,S,95965.0,1334.11,1,
12,669,1,S,95869.0,1336.57,1,
12,670,1,S,95830.0,1337.57,1,
12,671,1,S,95743.0,1339.8,1,
12,672,1,S,95644.0,1342.36,1,
12,673,1,S,95553.0,1344.7,1,
12,674,1,S,95489.0,1346.33,1,
12,675,1,S,95382.0,1349.09,1,
12,676,1,S,95325.0,1350.56,1,
12,677,1,S,95269.0,1352.0,1,
12,678,1,S,95186.0,1354.16,1,
12,679,1,S,95089.0,1356.66,1,
12,680,1,S,94997.0,1359.05,1,
12,681,1,S,94976.0,1359.58,1,
12,682,1,S,94882.0,1362.01,1,
12,683,1,S,94779.0,1364.7,1,
12,684,1,S,94685.0,1367.14,1,
12,685,1,S,94674.0,1367.42,1,
12,686,1,S,94581.0,1369.84,1,
12,687,1,S,94503.0,1371.87,1,
12,688,1,S,94421.0,1373.99,1,
12,689,1,S,94301.0,1377.11,1,
12,690,1,S,94232.0,1378.91,1,
12,691,1,S,94178.0,1380.33,1,
12,692,1,S,94134.0,1381.47,1,
12,693,1,S,94030.0,1384.19,1,
12,694,1,S,93936.0,1386.65,1,
12,695,1,S,93884.0,1388.02,1,
12,696,1,S,93821.0,1389.66,1,
12,697,1,S,93727.0,1392.12,1,
12,698,1,S,93640.0,1394.41,1,
12,699,1,S,93570.0,1396.23,1,
12,700,1,S,93483.0,1398.53,1,
12,701,1,S,93407.0,1400.52,1,
12,702,1,S,93316.0,1402.91,1,
12,703,1,S,93236.0,1405.0,1,
12,704,1,S,93219.0,1405.45,1,
12,705,1,S,93097.0,1408.68,1,
12,706,1,S,93005.0,1411.09,1,
12,707,1,S,92954.0,1412.45,1,
12,708,1,S,92886.0,1414.24,1,
12,709,1,S,92775.0,1417.18,1,
12,710,1,S,92758.0,1417.63,1,
12,711,1,S,92687.0,1419.5,1,
12,712,1,S,92600.0,1421.8,1,
12,713,1,S,92468.0,1425.3,1,
12,714,1,S,92388.0,1427.42,1,
12,715,1,S,92383.0,1427.55,1,
12,716,1,S,92307.0,1429.57,1,
12,717,1,S,92214.0,1432.03,1,
12,718,1,S,92127.0,1434.36,1,
12,719,1,S,92048.0,1436.46,1,
12,720,1,S,91947.0,1439.14,1,
12,721,1,S,91897.0,1440.47,1,
12,722,1,S,91839.0,1442.03,1,
12,723,1,S,91718.0,1445.26,1,
12,724,1,S,91672.0,1446.47,1,
12,725,1,S,91617.0,1447.95,1,
12,726,1,S,91489.0,1451.36,1,
12,727,1,S,91460.0,1452.15,1,
12,728,1,S,91381.0,1454.25,1,
12,729,1,S,91298.0,1456.48,1,
12,730,1,S,91260.0,1457.49,1,
12,731,1,S,91168.0,1459.96,1,
12,732,1,S,91040.0,1463.41,1,
12,733,1,S,91024.0,1463.84,1,
12,734,1,S,90895.0,1467.31,1,
12,735,1,S,90845.0,1468.64,1,
12,736,1,S,90759.0,1470.96,1,
12,737,1,S,90710.0,1472.29,1,
12,738,1,S,90630.0,1474.44,1,
12,739,1,S,90582.0,1475.72,1,
12,740,1,S,90475.0,1478.63,1,
12,741,1,S,90422.0,1480.04,1,
12,742,1,S,90331.0,1482.51,1,
12,743,1,S,90271.0,1484.13,1,
12,744,1,S,90177.0,1486.67,1,
12,745,1,S,90119.0,1488.26,1,
12,746,1,S,90016.0,1491.04,1,
12,747,1,S,89941.0,1493.07,1,
12,748,1,S,89911.0,1493.88,1,
12,749,1,S,89803.0,1496.81,1,
12,750,1,S,89762.0,1497.94,1,
12,751,1,S,89686.0,1500.01,1,
12,752,1,S,89589.0,1502.65,1,
12,753,1,S,89521.0,1504.5,1,
12,754,1,S,89419.0,1507.28,1,
12,755,1,S,89344.0,1509.33,1,
12,756,1,S,89321.0,1509.94,1,
12,757,1,S,89228.0,1512.47,1,
12,758,1,S,89138.0,1514.93,1,
12,759,1,S,89095.0,1516.12,1,
12,760,1,S,89002.0,1518.66,1,
12,761,1,S,88930.0,1520.63,1,
12,762,1,S,88866.0,1522.39,1,
12,763,1,S,88762.0,1525.24,1,
12,764,1,S,88750.0,1525.56,1,
12,765,1,S,88643.0,1528.51,1,
12,766,1,S,88554.0,1530.95,1,
12,767,1,S,88512.0,1532.09,1,
12,768,1,S,88413.0,1534.81,1,
12,769,1,S,88380.0,1535.73,1,
12,770,1,S,88303.0,1537.86,1,
12,771,1,S,88185.0,1541.09,1,
12,772,1,S,88150.0,1542.07,1,
12,773,1,S,88096.0,1543.56,1,
12,774,1,S,87967.0,1547.12,1,
12,775,1,S,87892.0,1549.19,1,
12,776,1,S,87859.0,1550.09,1,
12,777,1,S,87742.0,1553.33,1,
12,778,1,S,87675.0,1555.2,1,
12,779,1,S,87645.0,1556.01,1,
12,780,1,S,87559.0,1558.41,1,
12,781,1,S,87488.0,1560.38,1,
12,782,1,S,87424.0,1562.14,1,
12,783,1,S,87372.0,1563.59,1,
12,784,1,S,87297.0,1565.68,1,
12,785,1,S,87172.0,1569.16,1,
12,786,1,S,87138.0,1570.1,1,
12,787,1,S,87050.0,1572.54,1,
12,788,1,S,87005.0,1573.8,1,
12,789,1,S,86899.0,1576.74,1,
12,790,1,S,86814.0,1579.11,1,
12,791,1,S,86768.0,1580.42,1,
12,792,1,S,86660.0,1583.41,1,
12,793,1,S,86587.0,1585.45,1,
12,794,1,S,86536.0,1586.88,1,
12,795,1,S,86452.0,1589.24,1,
12,796,1,S,86434.0,1589.75,1,
12,797,1,S,86301.0,1593.46,1,
12,798,1,S,86248.0,1594.95,1,
12,799,1,S,86189.0,1596.62,1,
12,800,1,S,86125.0,1598.41,1,
12,801,1,S,86045.0,1600.64,1,
12,802,1,S,85990.0,1602.21,1,
12,803,1,S,85913.0,1604.35,1,
12,804,1,S,85868.0,1605.63,1,
12,805,1,S,85735.0,1609.37,1,
12,806,1,S,85714.0,1609.96,1,
12,807,1,S,85609.0,1612.93,1,
12,808,1,S,85524.0,1615.32,1,
12,809,1,S,85457.0,1617.22,1,
12,810,1,S,85404.0,1618.71,1,
12,811,1,S,85348.0,1620.29,1,
12,812,1,S,85265.0,1622.63,1,
12,813,1,S,85163.0,1625.53,1,
12,814,1,S,85143.0,1626.09,1,
12,815,1,S,85076.0,1627.98,1,
12,816,1,S,84998.0,1630.21,1,
12,817,1,S,84882.0,1633.49,1,
12,818,1,S,84844.0,1634.57,1,
12,819,1,S,84753.0,1637.16,1,
12,820,1,S,84682.0,1639.18,1,
12,821,1,S,84602.0,1641.46,1,
12,822,1,S,84557.0,1642.73,1,
12,823,1,S,84521.0,1643.75,1,
12,824,1,S,84425.0,1646.49,1,
12,825,1,S,84333.0,1649.1,1,
12,826,1,S,84275.0,1650.77,1,
12,827,1,S,84237.0,1651.84,1,
12,828,1,S,84172.0,1653.69,1,
12,829,1,S,84067.0,1656.71,1,
12,830,1,S,83979.0,1659.21,1,
12,831,1,S,83930.0,1660.62,1,
12,832,1,S,83883.0,1661.97,1,
12,833,1,S,83776.0,1665.02,1,
12,834,1,S,83710.0,1666.93,1,
12,835,1,S,83677.0,1667.86,1,
12,836,1,S,83579.0,1670.69,1,
12,837,1,S,83482.0,1673.47,1,
12,838,1,S,83459.0,1674.12,1,
12,839,1,S,83392.0,1676.06,1,
12,840,1,S,83310.0,1678.41,1,
12,841,1,S,83221.0,1680.98,1,
12,842,1,S,83163.0,1682.64,1,
12,843,1,S,83124.0,1683.76,1,
12,844,1,S,83000.0,1687.34,1,
12,845,1,S,82956.0,1688.62,1,
12,846,1,S,82853.0,1691.57,1,
12,847,1,S,82834.0,1692.14,1,
12,848,1,S,82713.0,1695.62,1,
12,849,1,S,82707.0,1695.8,1,
12,850,1,S,82634.0,1697.91,1,
12,851,1,S,82559.0,1700.08,1,
12,852,1,S,82450.0,1703.24,1,
12,853,1,S,82424.0,1703.98,1,
12,854,1,S,82305.0,1707.45,1,
12,855,1,S,82246.0,1709.17,1,
12,856,1,S,82198.0,1710.54,1,
12,857,1,S,82122.0,1712.77,1,
12,858,1,S,82047.0,1714.94,1,
12,859,1,S,81954.0,1717.63,1,
12,860,1,S,81892.0,1719.46,1,
12,861,1,S,81875.0,1719.94,1,
12,862,1,S,81777.0,1722.81,1,
12,863,1,S,81688.0,1725.38,1,
12,864,1,S,81659.0,1726.25,1,
12,865,1,S,81577.0,1728.63,1,
12,866,1,S,81539.0,1729.74,1,
12,867,1,S,81455.0,1732.21,1,
12,868,1,S,81358.0,1735.03,1,
12,869,1,S,81310.0,1736.43,1,
12,870,1,S,81243.0,1738.39,1,
12,871,1,S,81151.0,1741.1,1,
12,872,1,S,81103.0,1742.5,1,
12,873,1,S,81016.0,1745.04,1,
12,874,1,S,80962.0,1746.62,1,
12,875,1,S,80869.0,1749.36,1,
12,876,1,S,80799.0,1751.43,1,
12,877,1,S,80731.0,1753.43,1,
12,878,1,S,80689.0,1754.66,1,
12,879,1,S,80635.0,1756.24,1,
12,880,1,S,80519.0,1759.66,1,
12,881,1,S,80498.0,1760.27,1,
12,882,1,S,80393.0,1763.36,1,
12,883,1,S,80318.0,1765.59,1,
12,884,1,S,80286.0,1766.52,1,
12,885,1,S,80244.0,1767.78,1,
12,886,1,S,80167.0,1770.04,1,
12,887,1,S,80077.0,1772.69,1,
12,888,1,S,80017.0,1774.49,1,
12,889,1,S,79931.0,1777.01,1,
12,890,1,S,79865.0,1778.98,1,
12,891,1,S,79818.0,1780.37,1,
12,892,1,S,79711.0,1783.55,1,
12,893,1,S,79642.0,1785.58,1,
12,894,1,S,79600.0,1786.83,1,
12,895,1,S,79515.0,1789.36,1,
12,896,1,S,79464.0,1790.86,1,
12,897,1,S,79396.0,1792.89,1,
12,898,1,S,79333.0,1794.76,1,
12,899,1,S,79283.0,1796.24,1,
12,900,1,S,79176.0,1799.43,1,
12,901,1,S,79152.0,1800.15,1,
12,902,1,S,79068.0,1802.67,1,
12,903,1,S,79011.0,1804.36,1,
12,904,1,S,78928.0,1806.82,1,
12,905,1,S,78864.0,1808.75,1,
12,906,1,S,78767.0,1811.65,1,
12,907,1,S,78726.0,1812.86,1,
12,908,1,S,78653.0,1815.04,1,
12,909,1,S,78571.0,1817.5,1,
12,910,1,S,78494.0,1819.8,1,
12,911,1,S,78448.0,1821.19,1,
12,912,1,S,78421.0,1821.99,1,
12,913,1,S,78348.0,1824.2,1,
12,914,1,S,78233.0,1827.63,1,
12,915,1,S,78196.0,1828.75,1,
12,916,1,S,78128.0,1830.79,1,
12,917,1,S,78072.0,1832.47,1,
12,918,1,S,77987.0,1835.03,1,
12,919,1,S,77939.0,1836.46,1,
12,920,1,S,77832.0,1839.69,1,
12,921,1,S,77805.0,1840.52,1,
12,922,1,S,77717.0,1843.16,1,
12,923,1,S,77628.0,1845.83,1,
12,924,1,S,77582.0,1847.22,1,
12,925,1,S,77540.0,1848.49,1,
12,926,1,S,77432.0,1851.76,1,
12,927,1,S,77394.0,1852.91,1,
12,928,1,S,77324.0,1855.03,1,
12,929,1,S,77247.0,1857.36,1,
12,930,1,S,77184.0,1859.26,1,
12,931,1,S,77105.0,1861.65,1,
12,932,1,S,77070.0,1862.73,1,
12,933,1,S,76993.0,1865.06,1,
12,934,1,S,76961.0,1866.01,1,
12,935,1,S,76888.0,1868.23,1,
12,936,1,S,76828.0,1870.05,1,
12,937,1,S,76749.0,1872.45,1,
12,938,1,S,76651.0,1875.43,1,
12,939,1,S,76600.0,1876.99,1,
12,940,1,S,76524.0,1879.31,1,
12,941,1,S,76469.0,1880.98,1,
12,942,1,S,76419.0,1882.51,1,
12,943,1,S,76349.0,1884.62,1,
12,944,1,S,76298.0,1886.2,1,
12,945,1,S,76186.0,1889.61,1,
12,946,1,S,76146.0,1890.83,1,
12,947,1,S,76070.0,1893.14,1,
12,948,1,S,75997.0,1895.36,1,
12,949,1,S,75968.0,1896.25,1,
12,950,1,S,75909.0,1898.08,1,
12,951,1,S,75834.0,1900.36,1,
12,952,1,S,75761.0,1902.61,1,
12,953,1,S,75670.0,1905.38,1,
12,954,1,S,75617.0,1907.02,1,
12,955,1,S,75539.0,1909.41,1,
12,956,1,S,75470.0,1911.51,1,
12,957,1,S,75455.0,1911.98,1,
12,958,1,S,75344.0,1915.39,1,
12,959,1,S,75274.0,1917.55,1,
12,960,1,S,75230.0,1918.88,1,
12,961,1,S,75175.0,1920.59,1,
12,962,1,S,75103.0,1922.81,1,
12,963,1,S,75063.0,1924.05,1,
12,964,1,S,74953.0,1927.43,1,
12,965,1,S,74873.0,1929.88,1,
12,966,1,S,74835.0,1931.06,1,
12,967,1,S,74800.0,1932.13,1,
12,968,1,S,74734.0,1934.17,1,
12,969,1,S,74676.0,1935.97,1,
12,970,1,S,74606.0,1938.15,1,
12,971,1,S,74539.0,1940.21,1,
12,972,1,S,74462.0,1942.58,1,
12,973,1,S,74417.0,1943.99,1,
12,974,1,S,74339.0,1946.39,1,
12,975,1,S,74242.0,1949.39,1,
12,976,1,S,74211.0,1950.37,1,
12,977,1,S,74112.0,1953.43,1,
12,978,1,S,74065.0,1954.89,1,
12,979,1,S,73989.0,1957.27,1,
12,980,1,S,73902.0,1959.95,1,
12,981,1,S,73871.0,1960.91,1,
12,982,1,S,73784.0,1963.62,1,
12,983,1,S,73766.0,1964.18,1,
12,984,1,S,73647.0,1967.91,1,
12,985,1,S,73613.0,1968.94,1,
12,986,1,S,73564.0,1970.47,1,
12,987,1,S,73453.0,1973.93,1,
12,988,1,S,73428.0,1974.73,1,
12,989,1,S,73373.0,1976.43,1,
12,990,1,S,73288.0,1979.1,1,
12,991,1,S,73203.0,1981.75,1,
12,992,1,S,73157.0,1983.18,1,
12,993,1,S,73081.0,1985.55,1,
12,994,1,S,73037.0,1986.95,1,
12,995,1,S,72987.0,1988.5,1,
12,996,1,S,72883.0,1991.78,1,
12,997,1,S,72817.0,1993.83,1,
12,998,1,S,72776.0,1995.12,1,
12,999,1,S,72689.0,1997.85,1,
12,1000,1,S,72621.0,2000.0,1,
1110,1,2,B,0,599.67,20,
1107,1,5,B,0,582.46,16,
